[
  {
    "name": "Germany",
    "latitude": "52.5235",
    "longitude": "13.4115",
    "image": "assets/imgs/countries/germany.png",
    "ranking": 1,
    "ips_last_month": 15,
    "ips_total": 200,
    "ips": [
      { "ip": "192.168.1.1", "nor": 100, "dlr": "01-02-2025" },
      { "ip": "192.168.1.2", "nor": 110, "dlr": "02-02-2025" },
      { "ip": "192.168.1.3", "nor": 120, "dlr": "03-02-2025" },
      { "ip": "192.168.1.4", "nor": 130, "dlr": "04-02-2025" },
      { "ip": "192.168.1.5", "nor": 140, "dlr": "05-02-2025" },
      { "ip": "10.0.0.1", "nor": 150, "dlr": "06-02-2025" },
      { "ip": "10.0.0.2", "nor": 160, "dlr": "07-02-2025" },
      { "ip": "10.0.0.3", "nor": 170, "dlr": "08-02-2025" },
      { "ip": "10.0.0.4", "nor": 180, "dlr": "09-02-2025" },
      { "ip": "10.0.0.5", "nor": 190, "dlr": "10-02-2025" },
      { "ip": "172.16.0.1", "nor": 200, "dlr": "11-02-2025" },
      { "ip": "172.16.0.2", "nor": 210, "dlr": "12-02-2025" },
      { "ip": "172.16.0.3", "nor": 220, "dlr": "13-02-2025" },
      { "ip": "172.16.0.4", "nor": 230, "dlr": "14-02-2025" },
      { "ip": "172.16.0.5", "nor": 240, "dlr": "15-02-2025" },
      { "ip": "192.0.2.1", "nor": 250, "dlr": "16-02-2025" },
      { "ip": "192.0.2.2", "nor": 260, "dlr": "17-02-2025" },
      { "ip": "192.0.2.3", "nor": 270, "dlr": "18-02-2025" },
      { "ip": "192.0.2.4", "nor": 280, "dlr": "19-02-2025" },
      { "ip": "192.0.2.5", "nor": 290, "dlr": "20-02-2025" }
    ]
  },
  {
    "name": "Italy",
    "latitude": "41.8955",
    "longitude": "12.4823",
    "image": "assets/imgs/countries/italy.png",
    "ranking": 2,
    "ips_last_month": 12,
    "ips_total": 180,
    "ips": [
      { "ip": "172.16.0.3", "nor": 220, "dlr": "13-02-2025" },
      { "ip": "10.0.0.4", "nor": 180, "dlr": "09-02-2025" },
      { "ip": "192.0.2.1", "nor": 250, "dlr": "16-02-2025" },
      { "ip": "192.168.1.5", "nor": 140, "dlr": "05-02-2025" },
      { "ip": "10.0.0.2", "nor": 160, "dlr": "07-02-2025" },
      { "ip": "192.0.2.4", "nor": 280, "dlr": "19-02-2025" },
      { "ip": "192.0.2.5", "nor": 290, "dlr": "20-02-2025" },
      { "ip": "192.0.2.3", "nor": 270, "dlr": "18-02-2025" },
      { "ip": "172.16.0.1", "nor": 200, "dlr": "11-02-2025" },
      { "ip": "192.0.2.2", "nor": 260, "dlr": "17-02-2025" },
      { "ip": "10.0.0.1", "nor": 150, "dlr": "06-02-2025" },
      { "ip": "172.16.0.5", "nor": 240, "dlr": "15-02-2025" },
      { "ip": "192.168.1.3", "nor": 120, "dlr": "03-02-2025" },
      { "ip": "172.16.0.4", "nor": 230, "dlr": "14-02-2025" },
      { "ip": "192.168.1.1", "nor": 100, "dlr": "01-02-2025" },
      { "ip": "10.0.0.3", "nor": 170, "dlr": "08-02-2025" },
      { "ip": "192.168.1.4", "nor": 130, "dlr": "04-02-2025" },
      { "ip": "172.16.0.2", "nor": 210, "dlr": "12-02-2025" },
      { "ip": "10.0.0.5", "nor": 190, "dlr": "10-02-2025" },
      { "ip": "192.168.1.2", "nor": 110, "dlr": "02-02-2025" }
    ]
  },
  {
    "name": "China",
    "latitude": "35.8617",
    "longitude": "104.1954",
    "image": "assets/imgs/countries/china.png",
    "ranking": 3,
    "ips_last_month": 20,
    "ips_total": 250,
    "ips": [
      { "ip": "192.0.2.5", "nor": 290, "dlr": "20-02-2025" },
      { "ip": "192.0.2.3", "nor": 270, "dlr": "18-02-2025" },
      { "ip": "172.16.0.4", "nor": 230, "dlr": "14-02-2025" },
      { "ip": "10.0.0.3", "nor": 170, "dlr": "08-02-2025" },
      { "ip": "192.168.1.2", "nor": 110, "dlr": "02-02-2025" },
      { "ip": "10.0.0.5", "nor": 190, "dlr": "10-02-2025" },
      { "ip": "10.0.0.1", "nor": 150, "dlr": "06-02-2025" },
      { "ip": "172.16.0.1", "nor": 200, "dlr": "11-02-2025" },
      { "ip": "172.16.0.3", "nor": 220, "dlr": "13-02-2025" },
      { "ip": "192.168.1.4", "nor": 130, "dlr": "04-02-2025" },
      { "ip": "192.0.2.2", "nor": 260, "dlr": "17-02-2025" },
      { "ip": "172.16.0.5", "nor": 240, "dlr": "15-02-2025" },
      { "ip": "10.0.0.4", "nor": 180, "dlr": "09-02-2025" },
      { "ip": "192.0.2.4", "nor": 280, "dlr": "19-02-2025" },
      { "ip": "192.0.2.1", "nor": 250, "dlr": "16-02-2025" },
      { "ip": "192.168.1.1", "nor": 100, "dlr": "01-02-2025" },
      { "ip": "172.16.0.2", "nor": 210, "dlr": "12-02-2025" },
      { "ip": "192.168.1.3", "nor": 120, "dlr": "03-02-2025" },
      { "ip": "10.0.0.2", "nor": 160, "dlr": "07-02-2025" },
      { "ip": "192.168.1.5", "nor": 140, "dlr": "05-02-2025" }
    ]
  },
  {
    "name": "Spain",
    "latitude": "40.4167",
    "longitude": "-3.70327",
    "image": "assets/imgs/countries/spain.png",
    "ranking": 5,
    "ips_last_month": 15,
    "ips_total": 210,
    "ips": [
      { "ip": "192.168.1.2", "nor": 110, "dlr": "02-02-2025" },
      { "ip": "192.168.1.4", "nor": 130, "dlr": "04-02-2025" },
      { "ip": "10.0.0.1", "nor": 150, "dlr": "06-02-2025" },
      { "ip": "10.0.0.3", "nor": 170, "dlr": "08-02-2025" },
      { "ip": "10.0.0.5", "nor": 190, "dlr": "10-02-2025" },
      { "ip": "192.168.1.1", "nor": 100, "dlr": "01-02-2025" },
      { "ip": "172.16.0.4", "nor": 230, "dlr": "14-02-2025" },
      { "ip": "10.0.0.2", "nor": 160, "dlr": "07-02-2025" },
      { "ip": "172.16.0.5", "nor": 240, "dlr": "15-02-2025" },
      { "ip": "172.16.0.2", "nor": 210, "dlr": "12-02-2025" },
      { "ip": "10.0.0.4", "nor": 180, "dlr": "09-02-2025" },
      { "ip": "172.16.0.1", "nor": 200, "dlr": "11-02-2025" },
      { "ip": "192.0.2.3", "nor": 270, "dlr": "18-02-2025" },
      { "ip": "192.0.2.1", "nor": 250, "dlr": "16-02-2025" },
      { "ip": "172.16.0.3", "nor": 220, "dlr": "13-02-2025" },
      { "ip": "192.0.2.2", "nor": 260, "dlr": "17-02-2025" },
      { "ip": "192.168.1.5", "nor": 140, "dlr": "05-02-2025" },
      { "ip": "192.0.2.4", "nor": 280, "dlr": "19-02-2025" },
      { "ip": "10.0.0.2", "nor": 160, "dlr": "07-02-2025" },
      { "ip": "192.168.1.3", "nor": 120, "dlr": "03-02-2025" }
    ]
  },
  {
    "name": "United States",
    "latitude": "38.8895",
    "longitude": "-77.032",
    "image": "assets/imgs/countries/unitedstates.png",
    "ranking": 4,
    "ips_last_month": 18,
    "ips_total": 230,
    "ips": [
      { "ip": "192.168.1.3", "nor": 120, "dlr": "03-02-2025" },
      { "ip": "192.168.1.1", "nor": 100, "dlr": "01-02-2025" },
      { "ip": "192.168.1.4", "nor": 130, "dlr": "04-02-2025" },
      { "ip": "192.168.1.2", "nor": 110, "dlr": "02-02-2025" },
      { "ip": "192.168.1.5", "nor": 140, "dlr": "05-02-2025" },
      { "ip": "10.0.0.1", "nor": 150, "dlr": "06-02-2025" },
      { "ip": "10.0.0.3", "nor": 170, "dlr": "08-02-2025" },
      { "ip": "10.0.0.2", "nor": 160, "dlr": "07-02-2025" },
      { "ip": "10.0.0.5", "nor": 190, "dlr": "10-02-2025" },
      { "ip": "10.0.0.4", "nor": 180, "dlr": "09-02-2025" },
      { "ip": "172.16.0.2", "nor": 210, "dlr": "12-02-2025" },
      { "ip": "172.16.0.3", "nor": 220, "dlr": "13-02-2025" },
      { "ip": "172.16.0.5", "nor": 240, "dlr": "15-02-2025" },
      { "ip": "172.16.0.1", "nor": 200, "dlr": "11-02-2025" },
      { "ip": "172.16.0.4", "nor": 230, "dlr": "14-02-2025" },
      { "ip": "192.0.2.5", "nor": 290, "dlr": "20-02-2025" },
      { "ip": "192.0.2.1", "nor": 250, "dlr": "16-02-2025" },
      { "ip": "192.0.2.3", "nor": 270, "dlr": "18-02-2025" },
      { "ip": "172.16.0.2", "nor": 210, "dlr": "12-02-2025" },
      { "ip": "172.16.0.1", "nor": 200, "dlr": "11-02-2025" }
    ]
  },
  {
    "name": "Canada",
    "latitude": "56.1304",
    "longitude": "-106.3468",
    "image": "assets/imgs/countries/canada.png",
    "ranking": 6,
    "ips_last_month": 8,
    "ips_total": 120,
    "ips": [
      { "ip": "192.0.2.4", "nor": 280, "dlr": "19-02-2025" },
      { "ip": "192.0.2.1", "nor": 250, "dlr": "16-02-2025" },
      { "ip": "172.16.0.2", "nor": 210, "dlr": "12-02-2025" },
      { "ip": "192.168.1.1", "nor": 100, "dlr": "01-02-2025" },
      { "ip": "10.0.0.1", "nor": 150, "dlr": "06-02-2025" },
      { "ip": "192.168.1.4", "nor": 130, "dlr": "04-02-2025" },
      { "ip": "192.0.2.2", "nor": 260, "dlr": "17-02-2025" },
      { "ip": "10.0.0.2", "nor": 160, "dlr": "07-02-2025" },
      { "ip": "192.168.1.3", "nor": 120, "dlr": "03-02-2025" },
      { "ip": "10.0.0.3", "nor": 170, "dlr": "08-02-2025" },
      { "ip": "10.0.0.5", "nor": 190, "dlr": "10-02-2025" },
      { "ip": "172.16.0.5", "nor": 240, "dlr": "15-02-2025" },
      { "ip": "172.16.0.1", "nor": 200, "dlr": "11-02-2025" },
      { "ip": "172.16.0.4", "nor": 230, "dlr": "14-02-2025" },
      { "ip": "192.168.1.5", "nor": 140, "dlr": "05-02-2025" },
      { "ip": "172.16.0.3", "nor": 220, "dlr": "13-02-2025" },
      { "ip": "192.0.2.3", "nor": 270, "dlr": "18-02-2025" },
      { "ip": "192.168.1.2", "nor": 110, "dlr": "02-02-2025" },
      { "ip": "10.0.0.4", "nor": 180, "dlr": "09-02-2025" },
      { "ip": "10.0.0.5", "nor": 190, "dlr": "10-02-2025" }
    ]
  },
  {
    "name": "Argentina",
    "latitude": "-34.6037",
    "longitude": "-58.3816",
    "image": "assets/imgs/countries/argentina.png",
    "ranking": 7,
    "ips_last_month": 10,
    "ips_total": 160,
    "ips": [
      { "ip": "172.16.0.1", "nor": 200, "dlr": "11-02-2025" },
      { "ip": "192.0.2.4", "nor": 280, "dlr": "19-02-2025" },
      { "ip": "10.0.0.4", "nor": 180, "dlr": "09-02-2025" },
      { "ip": "10.0.0.3", "nor": 170, "dlr": "08-02-2025" },
      { "ip": "172.16.0.3", "nor": 220, "dlr": "13-02-2025" },
      { "ip": "10.0.0.1", "nor": 150, "dlr": "06-02-2025" },
      { "ip": "192.168.1.3", "nor": 120, "dlr": "03-02-2025" },
      { "ip": "10.0.0.5", "nor": 190, "dlr": "10-02-2025" },
      { "ip": "192.0.2.3", "nor": 270, "dlr": "18-02-2025" },
      { "ip": "172.16.0.5", "nor": 240, "dlr": "15-02-2025" },
      { "ip": "192.168.1.4", "nor": 130, "dlr": "04-02-2025" },
      { "ip": "172.16.0.2", "nor": 210, "dlr": "12-02-2025" },
      { "ip": "192.168.1.5", "nor": 140, "dlr": "05-02-2025" },
      { "ip": "192.0.2.2", "nor": 260, "dlr": "17-02-2025" },
      { "ip": "10.0.0.2", "nor": 160, "dlr": "07-02-2025" },
      { "ip": "192.168.1.1", "nor": 100, "dlr": "01-02-2025" },
      { "ip": "192.0.2.1", "nor": 250, "dlr": "16-02-2025" },
      { "ip": "172.16.0.4", "nor": 230, "dlr": "14-02-2025" },
      { "ip": "192.168.1.2", "nor": 110, "dlr": "02-02-2025" },
      { "ip": "10.0.0.3", "nor": 170, "dlr": "08-02-2025" }
    ]
  },
  {
    "name": "Brazil",
    "latitude": "-15.7939",
    "longitude": "-47.8828",
    "image": "assets/imgs/countries/brazil.png",
    "ranking": 8,
    "ips_last_month": 14,
    "ips_total": 190,
    "ips": [
      { "ip": "10.0.0.5", "nor": 190, "dlr": "10-02-2025" },
      { "ip": "10.0.0.3", "nor": 170, "dlr": "08-02-2025" },
      { "ip": "192.168.1.4", "nor": 130, "dlr": "04-02-2025" },
      { "ip": "192.168.1.1", "nor": 100, "dlr": "01-02-2025" },
      { "ip": "172.16.0.2", "nor": 210, "dlr": "12-02-2025" },
      { "ip": "172.16.0.1", "nor": 200, "dlr": "11-02-2025" },
      { "ip": "172.16.0.3", "nor": 220, "dlr": "13-02-2025" },
      { "ip": "192.0.2.2", "nor": 260, "dlr": "17-02-2025" },
      { "ip": "10.0.0.4", "nor": 180, "dlr": "09-02-2025" },
      { "ip": "172.16.0.4", "nor": 230, "dlr": "14-02-2025" },
      { "ip": "192.0.2.4", "nor": 280, "dlr": "19-02-2025" },
      { "ip": "192.168.1.2", "nor": 110, "dlr": "02-02-2025" },
      { "ip": "192.168.1.5", "nor": 140, "dlr": "05-02-2025" },
      { "ip": "192.0.2.3", "nor": 270, "dlr": "18-02-2025" },
      { "ip": "172.16.0.5", "nor": 240, "dlr": "15-02-2025" },
      { "ip": "10.0.0.1", "nor": 150, "dlr": "06-02-2025" },
      { "ip": "192.0.2.1", "nor": 250, "dlr": "16-02-2025" },
      { "ip": "192.168.1.3", "nor": 120, "dlr": "03-02-2025" },
      { "ip": "172.16.0.4", "nor": 230, "dlr": "14-02-2025" },
      { "ip": "10.0.0.2", "nor": 160, "dlr": "07-02-2025" }
    ]
  },
  {
    "name": "France",
    "latitude": "48.8566",
    "longitude": "2.3522",
    "image": "assets/imgs/countries/france.png",
    "ranking": 9,
    "ips_last_month": 11,
    "ips_total": 170,
    "ips": [
      { "ip": "172.16.0.5", "nor": 240, "dlr": "15-02-2025" },
      { "ip": "172.16.0.4", "nor": 230, "dlr": "14-02-2025" },
      { "ip": "172.16.0.3", "nor": 220, "dlr": "13-02-2025" },
      { "ip": "172.16.0.2", "nor": 210, "dlr": "12-02-2025" },
      { "ip": "172.16.0.1", "nor": 200, "dlr": "11-02-2025" },
      { "ip": "10.0.0.5", "nor": 190, "dlr": "10-02-2025" },
      { "ip": "10.0.0.4", "nor": 180, "dlr": "09-02-2025" },
      { "ip": "10.0.0.3", "nor": 170, "dlr": "08-02-2025" },
      { "ip": "10.0.0.2", "nor": 160, "dlr": "07-02-2025" },
      { "ip": "10.0.0.1", "nor": 150, "dlr": "06-02-2025" },
      { "ip": "192.0.2.1", "nor": 250, "dlr": "16-02-2025" },
      { "ip": "192.0.2.2", "nor": 260, "dlr": "17-02-2025" },
      { "ip": "192.0.2.3", "nor": 270, "dlr": "18-02-2025" },
      { "ip": "192.0.2.4", "nor": 280, "dlr": "19-02-2025" },
      { "ip": "192.0.2.5", "nor": 290, "dlr": "20-02-2025" },
      { "ip": "192.168.1.1", "nor": 100, "dlr": "01-02-2025" },
      { "ip": "192.168.1.2", "nor": 110, "dlr": "02-02-2025" },
      { "ip": "192.168.1.3", "nor": 120, "dlr": "03-02-2025" },
      { "ip": "192.168.1.4", "nor": 130, "dlr": "04-02-2025" },
      { "ip": "192.168.1.5", "nor": 140, "dlr": "05-02-2025" }
    ]
  },
  {
    "name": "Russia",
    "latitude": "61.5240",
    "longitude": "105.3188",
    "image": "assets/imgs/countries/russia.png",
    "ranking": 10,
    "ips_last_month": 9,
    "ips_total": 150,
    "ips": [
      { "ip": "172.16.0.1", "nor": 200, "dlr": "11-02-2025" },
      { "ip": "192.168.1.3", "nor": 120, "dlr": "03-02-2025" },
      { "ip": "192.0.2.4", "nor": 280, "dlr": "19-02-2025" },
      { "ip": "192.168.1.5", "nor": 140, "dlr": "05-02-2025" },
      { "ip": "10.0.0.5", "nor": 190, "dlr": "10-02-2025" },
      { "ip": "192.168.1.1", "nor": 100, "dlr": "01-02-2025" },
      { "ip": "192.168.1.2", "nor": 110, "dlr": "02-02-2025" },
      { "ip": "10.0.0.1", "nor": 150, "dlr": "06-02-2025" },
      { "ip": "10.0.0.2", "nor": 160, "dlr": "07-02-2025" },
      { "ip": "10.0.0.3", "nor": 170, "dlr": "08-02-2025" },
      { "ip": "10.0.0.4", "nor": 180, "dlr": "09-02-2025" },
      { "ip": "172.16.0.2", "nor": 210, "dlr": "12-02-2025" },
      { "ip": "172.16.0.3", "nor": 220, "dlr": "13-02-2025" },
      { "ip": "172.16.0.4", "nor": 230, "dlr": "14-02-2025" },
      { "ip": "172.16.0.5", "nor": 240, "dlr": "15-02-2025" },
      { "ip": "192.0.2.1", "nor": 250, "dlr": "16-02-2025" },
      { "ip": "192.0.2.2", "nor": 260, "dlr": "17-02-2025" },
      { "ip": "192.0.2.3", "nor": 270, "dlr": "18-02-2025" },
      { "ip": "192.0.2.5", "nor": 290, "dlr": "20-02-2025" },
      { "ip": "192.168.1.4", "nor": 130, "dlr": "04-02-2025" }
    ]
  }
]